01000010
01001010
10101010
11001011
00010011
00000000

10000101
00000101

11010110
11001110

01101100
01000001

00100100
01100001

10010110
00000101

01001011
00010111

00000001
01101001

01101101
01100001

00011101
01001000

10001100
00100101

00000110
00110010

10000101
00010000

11000010
00110100

01101110
10011001

10101011
01101100

01011101
01111011

10000000
10111000

00010000
10111000

00011011
01011101

01010110
11010110

01001011
10011011

10110100
10000000

10101100
00001110

01101100
00111010

00101101
01100010

00000100
00110000

10111110
11111001

00110000
00110110

00100110
10100101

10011111
00000000

11000110
00110111

10100000
11101000